1 1 1 1 1 1 1 1 1 0 1 1 0 1 1 PRICE: 2358, WEIGHT: 195; 2358  1 1 1 1 1 1 1 1 1 0 1 1 0 1 1
1 1 1 1 1 1 1 1 1 0 0 1 1 1 0 PRICE: 1726, WEIGHT: 191; 1726  1 1 1 1 1 1 1 1 1 0 0 1 1 1 0
1 1 1 1 1 1 0 1 1 1 1 1 1 1 0 PRICE: 2064, WEIGHT: 192; 2064  1 1 1 1 1 1 0 1 1 1 1 1 1 1 0
0 1 0 1 1 1 1 1 1 1 1 1 1 1 1 PRICE: 1485, WEIGHT: 194; 1485  0 1 0 1 1 1 1 1 1 1 1 1 1 1 1
1 0 1 1 0 1 1 1 1 0 1 1 1 1 1 PRICE: 1479, WEIGHT: 195; 1479  1 0 1 1 0 1 1 1 1 0 1 1 1 1 1
1 1 1 1 1 1 1 1 1 1 1 1 1 1 1 PRICE: 1852, WEIGHT: 178; 1852  1 1 1 1 1 1 1 1 1 1 1 1 1 1 1
1 1 1 1 1 1 1 1 1 1 1 1 1 1 1 PRICE: 1987, WEIGHT: 190; 1987  1 1 1 1 1 1 1 1 1 1 1 1 1 1 1
1 1 1 1 1 1 1 1 0 1 1 1 1 1 1 PRICE: 1636, WEIGHT: 197; 1636  1 1 1 1 1 1 1 1 0 1 1 1 1 1 1
1 1 1 1 1 1 1 1 1 1 1 0 1 1 0 PRICE: 1664, WEIGHT: 198; 1664  1 1 1 1 1 1 1 1 1 1 1 0 1 1 0
1 1 1 1 1 1 1 1 0 1 0 1 1 1 1 PRICE: 1806, WEIGHT: 191; 1806  1 1 1 1 1 1 1 1 0 1 0 1 1 1 1
1 0 1 1 1 1 1 1 1 1 1 1 1 0 1 PRICE: 2084, WEIGHT: 200; 2084  1 0 1 1 1 1 1 1 1 1 1 1 1 0 1
0 1 1 1 1 1 1 1 1 1 1 1 1 1 1 PRICE: 1454, WEIGHT: 200; 1454  0 1 1 1 1 1 1 1 1 1 1 1 1 1 1
1 1 1 1 1 1 1 1 1 1 1 0 1 1 0 PRICE: 1627, WEIGHT: 200; 1627  1 1 1 1 1 1 1 1 1 1 1 0 1 1 0
0 0 1 1 1 1 1 1 0 1 0 1 1 1 1 PRICE: 2087, WEIGHT: 198; 2087  0 0 1 1 1 1 1 1 0 1 0 1 1 1 1
1 1 1 1 1 1 1 1 1 1 0 1 1 1 1 PRICE: 1778, WEIGHT: 183; 1778  1 1 1 1 1 1 1 1 1 1 0 1 1 1 1
1 1 1 1 1 0 1 1 1 1 1 1 1 0 1 PRICE: 1874, WEIGHT: 199; 1874  1 1 1 1 1 0 1 1 1 1 1 1 1 0 1
1 1 1 1 1 0 1 1 1 1 1 1 0 1 1 PRICE: 1634, WEIGHT: 199; 1634  1 1 1 1 1 0 1 1 1 1 1 1 0 1 1
1 1 1 1 0 1 1 1 0 1 0 1 1 1 1 PRICE: 1817, WEIGHT: 197; 1817  1 1 1 1 0 1 1 1 0 1 0 1 1 1 1
1 0 1 1 1 1 1 1 1 0 1 1 1 1 1 PRICE: 1921, WEIGHT: 174; 1921  1 0 1 1 1 1 1 1 1 0 1 1 1 1 1
1 1 1 1 1 1 1 1 1 1 1 1 1 1 1 PRICE: 1769, WEIGHT: 175; 1769  1 1 1 1 1 1 1 1 1 1 1 1 1 1 1
1 1 1 1 1 1 1 0 1 1 1 0 0 1 0 PRICE: 1787, WEIGHT: 200; 1787  1 1 1 1 1 1 1 0 1 1 1 0 0 1 0
1 1 1 1 1 1 1 1 1 1 1 1 0 1 1 PRICE: 2021, WEIGHT: 194; 2021  1 1 1 1 1 1 1 1 1 1 1 1 0 1 1
1 1 1 1 1 1 1 1 1 1 1 1 1 1 1 PRICE: 1778, WEIGHT: 187; 1778  1 1 1 1 1 1 1 1 1 1 1 1 1 1 1
1 1 1 1 1 1 1 1 1 1 1 1 1 1 1 PRICE: 1990, WEIGHT: 171; 1990  1 1 1 1 1 1 1 1 1 1 1 1 1 1 1
1 1 1 1 1 1 1 1 1 1 1 0 1 1 1 PRICE: 1470, WEIGHT: 180; 1470  1 1 1 1 1 1 1 1 1 1 1 0 1 1 1
1 1 1 1 1 1 1 1 1 1 1 1 1 1 1 PRICE: 2122, WEIGHT: 197; 2122  1 1 1 1 1 1 1 1 1 1 1 1 1 1 1
0 0 0 0 0 0 0 0 0 0 0 0 0 0 1 PRICE: 199, WEIGHT: 200; 199  0 0 0 0 0 0 0 0 0 0 0 0 0 0 1
1 1 1 1 1 1 1 0 1 1 0 1 0 1 1 PRICE: 1201, WEIGHT: 186; 1201  1 1 1 1 1 1 1 0 1 1 0 1 0 1 1
1 1 1 1 1 1 1 1 1 1 1 1 1 1 1 PRICE: 1915, WEIGHT: 160; 1915  1 1 1 1 1 1 1 1 1 1 1 1 1 1 1
1 1 1 1 1 1 1 1 1 1 1 1 1 1 1 PRICE: 1833, WEIGHT: 172; 1833  1 1 1 1 1 1 1 1 1 1 1 1 1 1 1
1 0 1 1 1 1 1 1 0 1 0 1 1 1 1 PRICE: 1274, WEIGHT: 183; 1274  1 0 1 1 1 1 1 1 0 1 0 1 1 1 1
1 1 1 1 1 1 1 1 1 1 1 1 0 1 1 PRICE: 1984, WEIGHT: 162; 1984  1 1 1 1 1 1 1 1 1 1 1 1 0 1 1
1 1 1 1 1 1 1 1 1 0 1 1 1 1 0 PRICE: 2238, WEIGHT: 192; 2238  1 1 1 1 1 1 1 1 1 0 1 1 1 1 0
1 1 1 1 1 1 1 1 1 1 0 1 1 1 1 PRICE: 1948, WEIGHT: 187; 1948  1 1 1 1 1 1 1 1 1 1 0 1 1 1 1
1 0 1 1 1 1 1 1 0 1 1 1 1 1 1 PRICE: 1609, WEIGHT: 199; 1609  1 0 1 1 1 1 1 1 0 1 1 1 1 1 1
1 1 1 1 1 1 1 1 1 0 1 1 1 1 1 PRICE: 1763, WEIGHT: 178; 1763  1 1 1 1 1 1 1 1 1 0 1 1 1 1 1
1 1 1 1 1 1 0 1 1 1 1 1 1 1 1 PRICE: 2017, WEIGHT: 179; 2017  1 1 1 1 1 1 0 1 1 1 1 1 1 1 1
1 1 1 1 1 1 1 1 1 1 1 1 1 0 1 PRICE: 1846, WEIGHT: 192; 1846  1 1 1 1 1 1 1 1 1 1 1 1 1 0 1
1 1 1 1 1 1 1 1 1 1 0 1 1 1 1 PRICE: 2011, WEIGHT: 174; 2011  1 1 1 1 1 1 1 1 1 1 0 1 1 1 1
1 1 0 1 1 1 1 1 1 1 1 0 0 1 1 PRICE: 1821, WEIGHT: 194; 1821  1 1 0 1 1 1 1 1 1 1 1 0 0 1 1
1 1 1 1 0 1 1 1 1 1 1 1 1 0 1 PRICE: 2167, WEIGHT: 198; 2167  1 1 1 1 0 1 1 1 1 1 1 1 1 0 1
1 1 1 0 1 1 1 1 1 1 1 1 1 1 1 PRICE: 1860, WEIGHT: 194; 1860  1 1 1 0 1 1 1 1 1 1 1 1 1 1 1
0 1 1 1 1 1 1 0 1 1 1 1 1 1 1 PRICE: 1439, WEIGHT: 188; 1439  0 1 1 1 1 1 1 0 1 1 1 1 1 1 1
1 1 1 1 1 1 0 0 1 1 1 1 1 0 1 PRICE: 1641, WEIGHT: 171; 1641  1 1 1 1 1 1 0 0 1 1 1 1 1 0 1
1 1 1 1 1 1 1 1 1 1 1 0 1 1 1 PRICE: 1776, WEIGHT: 189; 1776  1 1 1 1 1 1 1 1 1 1 1 0 1 1 1
1 1 1 1 1 1 1 1 1 1 1 1 1 1 0 PRICE: 1995, WEIGHT: 187; 1995  1 1 1 1 1 1 1 1 1 1 1 1 1 1 0
1 1 1 1 1 1 0 1 1 1 1 1 1 1 1 PRICE: 2008, WEIGHT: 188; 2008  1 1 1 1 1 1 0 1 1 1 1 1 1 1 1
1 1 1 1 1 1 1 0 1 1 1 1 1 0 1 PRICE: 1381, WEIGHT: 191; 1381  1 1 1 1 1 1 1 0 1 1 1 1 1 0 1
1 1 1 1 1 1 0 1 1 1 1 1 1 1 1 PRICE: 1771, WEIGHT: 188; 1771  1 1 1 1 1 1 0 1 1 1 1 1 1 1 1
1 1 1 1 1 1 1 1 1 1 1 1 1 1 1 PRICE: 1873, WEIGHT: 186; 1873  1 1 1 1 1 1 1 1 1 1 1 1 1 1 1
