500 14 14 14 14 14 14 14 14 14 14 14 14 14 14 14 14 14 14 14 14 14 14 14 14 14 14 14 14 14 14 14 14 14 14 14 14 14 14 14 14 14 14 14 14 14 14 14 14 14 14 14 14 14 14 14 14 14 14 14 14 14 14 14 14 14 14 14 14 500 499
500 11 156 1 177 14 196 12 10 25 172 8 255 40 220 32 223 9 1 6 178 13 51 2 71 23 7 4 31 3 98 10 142 44 80 33 106 26 84 42 166 5 229 7 78 24 233 39 40 35 245 45 123 21 53 37 40 19 214 16 25 20 128 46 196 29 182 27 49 31 222
500 5 162 2 113 10 238 1 84 12 186 8 175 3 72 6 220 13 131 7 37 4 101 41 190 21 140 19 201 46 155 16 163 17 158 9 208 43 57 20 103 27 121 14 20 25 238 47 141 24 128 11 145 38 65 44 126 15 135 40 160 36 75 23 105 34 92 32 104 37 78
500 2 70 9 5 33 173 21 122 8 7 4 47 1 83 18 67 27 80 11 229 5 137 3 0 16 217 6 140 35 143 13 245 37 58 3 197 25 247 23 112 7 184 31 200 15 21 20 136 38 29 19 82 17 159 43 184 12 17 45 77 49 54 24 57 36 128 10 80 32 122
500 3 113 16 80 4 9 1 36 12 46 32 206 36 12 34 114 8 190 2 136 9 186 22 27 6 178 11 124 47 246 23 22 20 12 44 175 14 61 19 62 15 138 5 77 10 234 30 215 21 61 18 249 7 41 35 71 26 153 42 137 29 167 25 75 33 50 45 195 27 232
500 7 27 5 47 48 16 27 113 4 161 11 224 1 238 16 62 13 219 12 85 2 101 9 139 6 24 28 25 10 43 30 69 49 136 39 118 25 197 33 116 44 81 14 34 8 113 34 132 46 99 31 155 47 230 3 138 38 212 35 121 19 240 15 70 37 109 29 225 22 119
500 3 43 20 154 5 173 7 199 10 85 15 186 1 210 36 84 2 34 17 58 28 148 42 155 8 222 11 192 44 12 6 35 16 160 4 251 12 165 30 56 26 147 9 111 13 118 32 40 18 99 24 221 45 18 21 63 31 30 34 169 29 79 14 60 23 3 35 61 25 162
500 13 163 2 103 19 11 1 0 5 53 1 64 33 75 8 131 41 31 24 14 9 36 3 180 4 173 29 8 30 131 38 63 21 152 28 148 7 37 17 6 43 36 25 186 12 208 6 85 11 124 44 168 27 238 48 223 18 14 14 158 20 123 40 236 22 177 23 110 15 74
500 7 85 13 129 4 61 1 174 14 5 8 72 2 209 3 250 12 153 5 189 26 120 15 107 34 42 24 173 17 90 43 29 39 245 11 117 9 46 31 16 33 140 16 138 36 39 10 42 23 124 32 72 19 247 20 110 22 94 6 215 28 189 29 181 44 4 40 152 38 55
500 9 114 1 75 3 137 14 172 4 17 40 213 8 57 20 24 39 174 2 164 16 35 44 158 12 115 34 24 28 150 10 67 7 88 27 177 30 243 15 40 11 193 5 128 48 224 6 96 19 172 22 17 29 18 24 185 25 38 46 7 17 20 21 231 13 130 23 217 42 220
500 45 188 1 44 33 106 10 30 39 43 4 39 9 238 3 42 29 156 11 3 30 191 5 62 38 212 40 58 2 119 41 225 13 120 21 35 43 22 14 39 6 194 26 69 15 127 34 36 8 122 7 234 22 71 16 37 27 172 32 174 18 59 23 8 12 247 48 126 35 223
500 36 109 6 31 48 240 11 206 38 185 1 77 4 35 17 71 28 166 3 112 7 124 45 23 2 149 9 223 23 54 8 155 37 73 47 84 18 39 5 28 26 101 34 41 21 51 43 53 12 196 13 70 39 139 42 103 20 238 44 245 24 19 10 43 33 153 25 215 27 6
500 4 141 3 94 26 203 1 152 47 9 5 62 2 93 6 51 36 195 33 46 23 246 42 106 14 85 10 99 40 241 7 156 29 188 19 241 11 14 31 208 34 39 8 53 12 157 37 201 46 63 9 188 22 202 24 56 18 52 49 48 44 28 16 137 39 20 28 105 15 18
500 20 219 39 68 9 68 31 127 4 121 2 202 8 110 1 59 38 15 48 226 13 231 7 124 5 98 3 13 17 63 6 25 11 58 29 113 26 184 19 210 45 60 14 80 15 86 12 117 35 146 49 145 43 47 10 160 18 146 16 160 21 210 40 18 22 86 23 197 24 89
500 45 110 3 23 1 228 10 170 4 69 8 47 2 21 44 0 16 165 17 5 27 192 13 140 12 160 24 157 40 83 6 217 20 150 48 115 9 169 5 124 31 104 37 24 35 212 42 189 25 126 43 199 38 113 32 56 18 113 14 237 44 85 7 254 22 83 19 188 11 95
500 4 220 16 199 43 138 3 66 35 156 1 123 29 247 17 176 34 109 8 240 2 75 5 57 24 61 32 152 10 16 21 143 22 89 23 198 46 90 9 158 6 117 25 242 19 62 40 107 13 44 11 73 47 245 7 80 12 186 36 7 20 205 31 37 37 63 33 121 44 120
500 4 74 8 8 10 216 46 138 1 17 14 36 24 147 13 157 2 195 9 13 33 21 20 208 25 82 5 77 7 167 3 3 11 23 6 110 35 2 39 191 40 20 43 120 49 225 38 54 41 205 16 84 19 198 18 226 36 16 32 88 22 84 15 177 31 185 27 116 29 173
500 7 11 2 89 47 100 1 100 12 95 36 135 3 82 8 101 20 102 23 203 4 18 35 11 10 104 22 197 9 48 18 206 5 176 32 70 11 22 6 184 27 168 26 67 24 142 13 1 34 14 17 17 14 131 46 227 30 185 40 19 25 72 37 28 15 174 28 236 33 77
500 6 20 2 108 48 162 23 179 1 243 20 246 7 68 19 162 17 53 4 135 11 241 8 48 25 42 10 3 5 232 9 8 3 168 46 163 22 49 12 221 26 51 44 168 39 150 28 72 47 161 38 25 30 164 36 108 27 173 14 73 33 155 37 137 24 16 34 34 21 77
500 2 246 7 62 35 39 16 131 4 211 23 118 5 75 32 235 6 97 10 48 1 4 12 111 48 147 9 173 33 74 47 73 31 148 25 6 11 156 14 168 13 190 40 93 8 128 3 126 42 51 27 193 28 237 29 5 18 58 26 10 20 147 15 86 21 32 43 34 19 193
500 11 187 30 100 1 174 7 42 27 9 23 114 4 192 3 43 2 24 10 90 16 80 40 220 25 34 5 130 6 107 18 66 12 130 34 219 20 89 14 39 8 23 38 79 35 197 17 219 22 93 21 23 31 218 33 3 37 119 45 27 26 159 28 149 24 241 49 149 13 211
500 4 117 1 169 3 192 5 62 14 157 2 15 8 250 6 108 24 167 29 86 46 21 17 29 44 129 47 8 36 184 16 118 7 29 9 132 26 10 23 64 10 163 25 215 27 154 45 145 32 67 12 221 30 20 20 101 42 206 33 170 15 79 13 19 37 245 28 255 41 131
500 15 23 6 141 3 131 1 76 2 25 9 74 23 201 5 101 13 86 48 25 11 180 7 235 25 244 27 23 10 116 4 166 35 49 39 181 31 79 22 26 21 214 16 13 29 16 8 242 12 7 19 142 14 126 30 197 32 162 26 182 46 233 28 37 17 58 44 217 40 31
500 6 42 2 0 3 93 8 182 19 166 21 140 12 226 7 77 31 202 1 89 24 9 5 239 2 144 4 174 48 227 46 251 14 72 15 125 44 109 35 39 29 162 9 25 20 31 41 37 36 30 13 37 27 61 18 68 37 161 26 65 49 47 17 94 30 255 45 127 34 210
500 11 202 2 168 5 42 15 137 19 246 10 46 1 86 8 122 40 112 32 156 26 179 31 9 20 30 3 160 13 113 9 182 21 11 24 79 4 49 23 60 33 112 7 33 39 110 37 51 36 229 25 43 18 138 6 52 46 118 34 241 27 177 30 49 42 43 29 105 43 103
500 15 242 11 90 9 116 12 134 46 2 2 63 45 8 17 125 8 186 1 246 42 208 10 254 14 4 3 63 25 41 4 198 36 133 34 116 16 92 29 112 7 239 13 108 31 142 5 83 24 118 37 95 6 215 19 109 22 31 28 92 39 68 18 120 48 58 26 120 40 255
500 1 149 3 92 29 128 22 77 25 206 23 33 42 135 17 33 6 243 9 4 15 8 4 156 8 7 41 104 31 231 36 172 2 109 37 166 26 52 24 210 32 66 5 161 20 9 48 103 18 168 13 33 39 58 27 233 11 40 45 128 7 43 43 38 28 112 16 94 34 232