0 1 1 0 0 1 1 1 0 1 PRICE: 798, WEIGHT: 93; 798  0 1 1 1 0 1 1 1 0 1
1 1 1 0 1 1 1 1 0 1 PRICE: 942, WEIGHT: 73; 942  1 1 1 0 1 1 1 1 0 1
0 1 1 1 0 0 1 1 1 1 PRICE: 740, WEIGHT: 70; 740  0 1 1 1 0 0 1 1 1 1
1 1 1 1 1 0 1 0 1 0 PRICE: 956, WEIGHT: 96; 956  1 1 1 1 1 0 1 0 1 0
1 1 1 1 1 0 1 1 1 0 PRICE: 1501, WEIGHT: 98; 1501  1 1 1 1 1 0 1 1 1 0
1 0 1 1 1 1 1 1 1 1 PRICE: 1351, WEIGHT: 92; 1351  1 0 1 1 1 1 1 1 1 1
1 1 1 1 0 1 1 1 1 1 PRICE: 1375, WEIGHT: 84; 1375  1 1 1 1 0 1 1 1 1 1
0 1 1 1 0 1 1 1 1 1 PRICE: 1153, WEIGHT: 85; 1153  0 1 1 1 0 1 1 1 1 1
1 0 1 0 1 1 1 1 1 0 PRICE: 1234, WEIGHT: 93; 1234  1 0 1 0 1 1 1 1 1 0
1 0 1 1 1 0 0 1 1 1 PRICE: 1260, WEIGHT: 100; 1260  1 0 1 1 1 0 0 1 1 1
1 1 1 0 1 1 0 0 1 1 PRICE: 1319, WEIGHT: 99; 1319  1 1 1 0 1 1 0 0 1 1
1 1 1 1 1 1 0 1 1 1 PRICE: 1169, WEIGHT: 96; 1169  1 1 1 1 1 1 0 1 1 1
0 0 0 0 0 0 0 0 0 1 PRICE: 99, WEIGHT: 100; 99  0 0 0 0 0 0 0 0 0 1
0 1 1 1 1 1 1 1 0 0 PRICE: 1023, WEIGHT: 90; 1023  0 1 1 1 1 1 1 1 0 0
1 1 1 1 0 0 1 1 1 1 PRICE: 1389, WEIGHT: 100; 1389  1 1 1 1 0 0 1 1 1 1
0 1 0 1 0 1 1 0 0 1 PRICE: 1168, WEIGHT: 100; 1168  0 1 0 1 0 1 1 0 0 1
ERROR
1 1 1 1 0 0 1 0 1 1 PRICE: 1195, WEIGHT: 85; 1195  1 1 1 1 0 0 1 0 1 1
1 1 1 1 1 1 0 1 0 0 PRICE: 872, WEIGHT: 75; 872  1 1 1 1 1 1 0 1 0 0
1 1 1 0 1 0 1 1 1 0 PRICE: 1099, WEIGHT: 100; 1099  1 1 1 0 1 0 1 1 1 0
0 0 1 1 1 1 1 1 1 1 PRICE: 1286, WEIGHT: 89; 1286  0 0 1 1 1 1 1 1 1 1
0 1 1 1 1 1 1 0 0 1 PRICE: 1178, WEIGHT: 96; 1178  0 1 1 1 1 1 1 0 0 1
1 1 0 1 0 1 0 1 1 1 PRICE: 1217, WEIGHT: 94; 1217  1 1 0 1 0 1 0 1 1 1
1 0 0 1 1 1 1 0 1 1 PRICE: 939, WEIGHT: 97; 939  1 0 0 1 1 1 1 0 1 1
1 1 1 1 0 0 0 1 1 0 PRICE: 784, WEIGHT: 91; 784  1 1 1 1 0 0 0 1 1 0
1 1 1 1 0 0 1 1 1 1 PRICE: 1240, WEIGHT: 85; 1240  1 1 1 1 0 0 1 1 1 1
1 0 1 1 1 1 0 1 0 0 PRICE: 917, WEIGHT: 100; 917  1 0 1 1 1 1 0 1 0 0
1 1 0 1 1 1 1 0 1 0 PRICE: 1033, WEIGHT: 100; 1033  1 1 0 1 1 1 1 0 1 0
1 1 1 1 1 1 0 1 1 1 PRICE: 1386, WEIGHT: 94; 1386  1 1 1 1 1 1 0 1 1 1
0 1 1 1 1 1 1 1 0 1 PRICE: 1266, WEIGHT: 99; 1266  0 1 1 1 1 1 1 1 0 1
1 1 1 0 0 0 1 1 1 0 PRICE: 1054, WEIGHT: 98; 1054  1 1 1 0 0 0 1 1 1 0
1 1 0 0 1 1 0 1 0 0 PRICE: 980, WEIGHT: 91; 980  1 1 0 0 1 1 0 1 0 0
1 1 0 0 0 0 1 1 1 1 PRICE: 952, WEIGHT: 95; 952  1 1 0 0 0 0 1 1 1 1
1 0 1 1 1 1 1 1 1 1 PRICE: 1446, WEIGHT: 91; 1446  1 0 1 1 1 1 1 1 1 1
1 0 0 1 1 1 1 1 1 1 PRICE: 1196, WEIGHT: 94; 1196  1 0 0 1 1 1 1 1 1 1
1 1 0 1 1 0 1 0 1 1 PRICE: 1062, WEIGHT: 100; 1062  1 1 0 1 1 0 1 0 1 1
1 1 1 1 1 0 0 0 1 0 PRICE: 748, WEIGHT: 75; 748  1 1 1 1 1 0 0 0 1 0
1 0 1 1 1 0 1 1 0 0 PRICE: 1059, WEIGHT: 91; 1059  1 0 1 1 1 0 1 1 0 0
1 1 1 1 1 1 1 1 1 1 PRICE: 1578, WEIGHT: 93; 1578  1 1 1 1 1 1 1 1 1 1
1 0 1 1 1 0 1 0 1 1 PRICE: 694, WEIGHT: 86; 694  1 0 1 1 1 0 1 0 1 1
1 1 1 1 1 1 1 1 1 0 PRICE: 1143, WEIGHT: 65; 1143  1 1 1 1 1 1 1 1 1 0
1 1 0 1 1 1 1 1 1 1 PRICE: 1043, WEIGHT: 95; 1043  1 1 0 1 1 1 1 1 1 1
1 1 1 1 1 0 1 1 1 1 PRICE: 1436, WEIGHT: 93; 1436  1 1 1 1 1 0 1 1 1 1
0 1 1 1 1 1 1 1 1 1 PRICE: 1368, WEIGHT: 100; 1368  0 1 1 1 1 1 1 1 1 1
0 1 1 1 1 1 0 1 0 1 PRICE: 1315, WEIGHT: 67; 1315  0 1 1 1 1 1 0 1 0 1
1 1 1 1 0 0 1 1 0 1 PRICE: 1005, WEIGHT: 99; 1005  1 1 1 1 0 0 1 1 0 1
1 1 1 1 1 0 1 1 0 1 PRICE: 1187, WEIGHT: 98; 1187  1 1 1 1 1 0 1 1 0 1
1 1 1 0 1 1 1 1 1 0 PRICE: 959, WEIGHT: 95; 959  1 1 1 1 1 1 1 1 1 0
0 1 1 1 0 0 1 1 1 0 PRICE: 925, WEIGHT: 90; 925  0 1 1 1 0 0 1 1 1 0
1 1 1 1 1 1 1 0 0 1 PRICE: 1243, WEIGHT: 92; 1243  1 1 1 1 1 1 1 0 0 1
