1 1 1 0 1 1 1 1 1 1 1 1 0 1 0 0 0 1 0 1 PRICE: 1995, WEIGHT: 250; 1995  1 1 1 0 1 1 1 1 1 1 1 1 0 1 0 0 0 1 0 1
1 1 1 1 1 1 1 1 0 1 1 0 1 1 1 1 0 1 1 1 PRICE: 2623, WEIGHT: 248; 2623  1 1 1 1 1 1 1 1 0 1 1 0 1 1 1 1 0 1 1 1
1 1 1 0 1 1 1 1 1 1 1 0 1 1 1 1 1 1 1 1 PRICE: 2607, WEIGHT: 249; 2607  1 1 1 0 1 1 1 1 1 1 1 0 1 1 1 1 1 1 1 1
1 1 1 1 1 1 0 1 0 1 1 1 0 0 1 1 0 1 1 1 PRICE: 2089, WEIGHT: 249; 2089  1 1 1 1 1 1 0 1 0 1 1 1 0 0 1 1 0 1 1 1
1 1 1 1 1 1 0 1 1 1 0 1 1 1 1 1 1 0 1 1 PRICE: 2062, WEIGHT: 245; 2062  1 1 1 1 1 1 0 1 1 1 1 1 1 1 1 1 1 0 1 1
1 1 1 1 1 0 1 1 1 1 1 1 1 1 0 0 1 1 1 1 PRICE: 2723, WEIGHT: 243; 2723  1 1 1 1 1 0 1 1 1 1 1 1 1 1 0 0 1 1 1 1
1 1 1 1 0 1 1 1 0 1 1 0 1 1 1 1 1 0 1 1 PRICE: 2193, WEIGHT: 246; 2193  1 1 1 1 0 1 1 1 0 1 1 0 1 1 1 1 1 0 1 1
1 1 1 1 1 1 1 1 1 1 1 0 1 1 1 0 1 0 1 1 PRICE: 2992, WEIGHT: 248; 2992  1 1 1 1 1 1 1 1 1 1 1 0 1 1 1 0 1 0 1 1
0 1 1 1 1 1 1 1 1 1 0 1 0 1 1 1 1 1 1 1 PRICE: 2197, WEIGHT: 248; 2197  0 1 1 1 1 1 1 1 1 1 0 1 0 1 1 1 1 1 1 1
1 1 1 1 1 0 1 0 1 1 1 0 0 1 1 1 1 1 1 0 PRICE: 2551, WEIGHT: 235; 2551  1 1 1 1 1 0 1 0 1 1 1 0 0 1 1 1 1 1 1 0
1 1 1 1 1 1 1 1 1 1 1 1 0 1 1 1 1 1 0 0 PRICE: 2372, WEIGHT: 249; 2372  1 1 1 1 1 1 1 1 1 1 1 1 0 1 1 1 1 1 0 0
1 1 1 1 1 1 1 1 1 0 1 0 1 0 1 1 1 0 1 1 PRICE: 2116, WEIGHT: 245; 2116  1 1 1 1 1 1 1 1 1 0 1 0 1 0 1 1 1 0 1 1
1 1 0 0 1 1 1 1 1 0 1 1 1 1 1 1 1 0 1 0 PRICE: 2368, WEIGHT: 233; 2368  1 1 0 0 1 1 1 1 1 0 1 1 1 1 1 1 1 0 1 0
1 1 1 0 1 0 1 1 0 1 1 1 1 1 0 1 0 1 1 1 PRICE: 2440, WEIGHT: 248; 2440  1 1 1 0 1 0 1 1 0 1 1 1 1 1 0 1 0 1 1 1
1 1 1 1 1 1 1 1 1 1 1 1 0 1 0 0 1 1 0 1 PRICE: 1609, WEIGHT: 244; 1609  1 1 1 1 1 1 1 1 1 1 1 1 0 1 0 0 1 1 0 1
0 0 0 0 0 0 0 0 0 0 0 0 0 0 0 0 0 0 0 1 PRICE: 249, WEIGHT: 250; 249  0 0 0 0 0 0 0 0 0 0 0 0 0 0 0 0 0 0 0 1
1 1 1 1 1 1 0 1 1 1 0 1 0 1 1 0 1 0 1 1 PRICE: 2184, WEIGHT: 247; 2184  1 1 1 1 1 1 0 1 1 1 0 1 0 1 1 0 1 0 1 1
1 0 0 1 1 1 0 1 1 0 1 1 0 1 1 0 1 0 1 1 PRICE: 1903, WEIGHT: 248; 1903  1 0 0 1 1 1 0 1 1 0 1 1 0 1 1 0 1 0 1 1
1 1 1 1 0 1 0 1 1 1 0 1 1 1 1 1 0 1 1 1 PRICE: 2359, WEIGHT: 249; 2359  1 1 1 1 0 1 0 1 1 1 0 1 1 1 1 1 0 1 1 1
0 1 0 1 1 0 1 1 1 1 1 1 1 1 1 1 1 1 0 1 PRICE: 2550, WEIGHT: 249; 2550  0 1 0 1 1 0 1 1 1 1 1 1 1 1 1 1 1 1 0 1
1 0 1 1 1 1 1 0 1 1 1 1 1 0 1 1 0 1 1 1 PRICE: 2796, WEIGHT: 250; 2796  1 0 1 1 1 1 1 0 1 1 1 1 1 0 1 1 0 1 1 1
1 1 1 1 1 1 1 1 1 1 0 1 1 1 0 1 1 0 1 1 PRICE: 1953, WEIGHT: 241; 1953  1 1 1 1 1 1 1 1 1 1 0 1 1 1 0 1 1 0 1 1
1 1 1 1 1 1 1 1 1 1 1 1 1 1 1 1 1 0 1 0 PRICE: 2532, WEIGHT: 245; 2532  1 1 1 1 1 1 1 1 1 1 1 1 1 1 1 1 1 0 1 0
1 0 1 1 1 1 1 0 1 0 1 1 0 1 1 1 1 1 1 1 PRICE: 2347, WEIGHT: 248; 2347  1 0 1 1 1 1 1 0 1 0 1 1 0 1 1 1 1 1 1 1
1 1 1 1 1 1 1 1 1 1 0 1 1 1 1 0 0 1 0 1 PRICE: 2684, WEIGHT: 240; 2684  1 1 1 1 1 1 1 1 1 1 0 1 1 1 1 0 0 1 0 1
1 0 1 1 0 1 0 1 1 1 1 1 1 1 0 1 0 1 0 1 PRICE: 1903, WEIGHT: 243; 1903  1 0 1 1 0 1 0 1 1 1 1 1 1 1 0 1 0 1 0 1
1 1 1 1 1 1 1 1 1 1 0 1 1 1 1 1 1 1 1 0 PRICE: 2335, WEIGHT: 248; 2335  1 1 1 1 1 1 1 1 1 1 0 1 1 1 1 1 1 1 1 0
1 1 1 1 1 1 0 1 1 0 1 1 1 1 1 1 0 0 1 1 PRICE: 2365, WEIGHT: 249; 2365  1 1 1 1 1 1 0 1 1 0 1 1 1 1 1 1 0 0 1 1
1 1 1 1 1 1 1 1 0 1 0 1 1 1 1 0 0 1 1 0 PRICE: 2249, WEIGHT: 241; 2249  1 1 1 1 1 1 1 1 0 1 0 1 1 1 1 0 0 1 1 0
1 1 0 1 1 1 1 1 1 0 1 1 1 1 0 1 1 0 1 0 PRICE: 2041, WEIGHT: 249; 2041  1 1 0 1 1 1 1 1 1 0 1 1 1 1 0 1 1 0 1 0
1 1 1 1 1 1 1 1 1 1 1 1 0 1 1 0 1 0 0 1 PRICE: 2273, WEIGHT: 249; 2273  1 1 1 1 1 1 1 1 1 1 1 1 0 1 1 0 1 0 0 1
1 1 1 1 1 1 1 1 1 0 0 1 1 1 0 1 1 1 1 1 PRICE: 2435, WEIGHT: 238; 2435  1 1 1 1 1 1 1 1 1 0 0 1 1 1 0 1 1 1 1 1
1 0 1 1 1 1 0 1 1 1 0 1 1 1 0 1 0 0 1 1 PRICE: 2508, WEIGHT: 247; 2508  1 0 1 1 1 1 0 1 1 1 0 1 1 1 0 1 0 0 1 1
1 0 1 1 1 1 0 1 0 1 0 1 1 1 1 1 1 1 1 0 PRICE: 1863, WEIGHT: 245; 1863  1 0 1 1 1 1 0 1 0 1 0 1 1 1 1 1 1 1 1 0
1 1 1 1 0 1 1 1 1 1 0 1 1 1 1 1 1 1 1 1 PRICE: 2959, WEIGHT: 248; 2959  1 1 1 1 0 1 1 1 1 1 0 1 1 1 1 1 1 1 1 1
1 0 1 1 1 1 1 1 1 1 1 1 1 0 1 0 1 1 1 1 PRICE: 2411, WEIGHT: 250; 2411  1 0 1 1 1 1 1 1 1 1 1 1 1 0 1 0 1 1 1 1
1 1 1 1 1 0 1 1 0 0 1 1 1 1 1 1 1 0 1 1 PRICE: 2456, WEIGHT: 248; 2456  1 1 1 1 1 0 1 1 0 0 1 1 1 1 1 1 1 0 1 1
1 1 1 0 1 1 1 1 1 0 0 1 1 1 1 1 0 1 1 0 PRICE: 2333, WEIGHT: 244; 2333  1 1 1 0 1 1 1 1 1 0 0 1 1 1 1 1 0 1 1 0
1 1 0 1 1 0 0 0 1 1 0 1 1 1 1 1 1 1 1 1 PRICE: 1983, WEIGHT: 246; 1983  1 1 0 1 1 0 0 0 1 1 0 1 1 1 1 1 1 1 1 1
0 1 1 1 1 1 1 1 1 1 1 1 0 1 1 1 1 1 1 0 PRICE: 2041, WEIGHT: 250; 2041  0 1 1 1 1 1 1 1 1 1 1 1 0 1 1 1 1 1 1 0
1 0 1 1 1 1 1 1 0 1 1 1 1 1 0 0 1 1 1 0 PRICE: 2338, WEIGHT: 245; 2338  1 0 1 1 1 1 1 1 0 1 1 1 1 1 0 0 1 1 1 0
1 1 1 0 1 1 1 0 1 1 1 1 1 1 1 1 1 1 1 1 PRICE: 2818, WEIGHT: 218; 2818  1 1 1 1 1 1 1 0 1 1 1 1 1 1 1 1 1 1 1 1
1 1 1 1 0 1 1 1 0 1 1 1 1 1 1 0 1 1 0 1 PRICE: 2441, WEIGHT: 247; 2441  1 1 1 1 0 1 1 1 0 1 1 1 1 1 1 0 1 1 0 1
1 1 1 1 1 0 1 1 0 1 0 1 0 1 1 1 0 1 0 1 PRICE: 1821, WEIGHT: 249; 1821  1 1 1 1 1 0 1 1 0 1 0 1 0 1 1 1 0 1 0 1
1 0 1 1 1 1 1 1 1 0 0 1 1 1 1 1 0 1 1 0 PRICE: 2721, WEIGHT: 225; 2721  1 0 1 1 1 1 1 1 1 0 0 1 1 1 1 1 0 1 1 0
1 1 1 1 1 1 1 1 1 1 0 1 1 1 1 1 0 0 1 1 PRICE: 2421, WEIGHT: 243; 2421  1 1 1 1 1 1 1 1 1 1 0 1 1 1 1 1 0 0 1 1
1 1 0 1 1 1 1 1 0 1 1 1 1 1 1 1 0 1 1 1 PRICE: 2475, WEIGHT: 250; 2475  1 1 0 1 1 1 1 1 0 1 1 1 1 1 1 1 0 1 1 1
1 1 1 1 1 1 1 0 1 1 1 0 1 0 1 1 1 1 1 1 PRICE: 2417, WEIGHT: 240; 2417  1 1 1 1 1 1 1 0 1 1 1 0 1 0 1 1 1 1 1 1
1 1 1 1 1 1 1 1 0 0 1 1 0 1 1 1 1 0 1 1 PRICE: 2033, WEIGHT: 248; 2033  1 1 1 1 1 1 1 1 0 0 1 1 0 1 1 1 1 0 1 1
1 1 1 1 1 1 0 1 1 0 1 1 1 0 0 1 1 1 0 1 PRICE: 2168, WEIGHT: 250; 2168  1 1 1 1 1 1 0 1 1 0 1 1 1 0 0 1 1 1 0 1
