550 14 14 14 14 14 14 14 14 14 14 14 14 14 14 14 14 14 14 14 14 14 14 14 14 14 14 14 14 14 14 14 14 14 14 14 14 14 14 14 14 14 14 14 14 14 14 14 14 14 14 14 14 14 14 14 14 14 14 14 14 14 14 14 14 14 14 14 14 14 14 14 14 550 549
550 3 172 23 177 1 162 5 79 28 225 2 65 38 158 7 133 8 72 27 25 6 44 45 43 9 47 41 87 15 93 11 79 18 69 42 54 16 53 4 66 30 79 12 133 46 232 10 46 17 130 37 46 24 45 32 208 20 107 19 202 40 30 22 239 39 30 25 121 26 168 13 218 47 105
550 14 240 3 162 1 131 2 15 4 114 25 38 5 8 19 131 38 179 8 54 43 44 16 233 44 67 10 44 15 48 37 91 9 22 7 33 24 244 39 139 34 147 41 130 21 52 45 4 22 85 29 55 6 77 32 51 12 159 11 21 18 83 13 107 20 40 23 39 27 154 47 48 26 116
550 4 82 1 255 3 212 12 227 39 85 11 63 9 156 16 64 44 241 22 119 7 94 8 196 2 134 17 63 19 48 5 34 6 118 49 129 45 107 42 4 27 164 18 85 14 21 28 81 31 41 43 117 10 97 13 77 25 59 34 40 23 210 29 26 15 115 48 36 33 38 38 37 20 104
550 24 55 44 59 5 138 10 41 9 154 1 192 18 19 28 10 11 28 3 85 26 181 29 47 16 54 2 133 33 150 7 76 38 64 32 187 4 73 12 54 8 104 14 188 31 105 27 234 25 8 22 160 17 251 41 213 20 139 13 106 30 121 36 92 46 232 23 146 49 64 35 135 19 243
550 5 20 2 219 8 178 7 43 1 160 10 165 3 216 9 118 4 160 6 27 18 140 14 35 30 101 19 12 13 43 15 72 21 50 17 202 16 232 25 5 44 61 27 41 24 74 40 201 43 235 12 137 20 30 32 54 29 108 36 167 42 155 34 29 26 46 33 150 37 97 11 36 23 38
550 11 70 25 119 45 142 42 117 22 34 1 32 7 227 10 178 15 122 36 21 3 220 2 100 44 9 4 97 41 12 28 244 20 128 13 111 30 241 27 19 18 136 5 201 24 125 32 210 19 52 38 56 8 111 37 176 12 90 6 18 46 101 33 167 43 114 48 76 9 174 39 100 17 136
550 3 49 1 42 14 63 5 27 10 38 2 247 7 168 22 196 6 119 4 194 8 232 40 155 49 7 12 56 15 139 31 29 28 68 36 229 18 132 38 145 9 122 23 6 13 59 16 138 29 199 42 150 41 133 19 123 48 61 46 13 32 88 17 41 45 143 34 80 20 253 25 109 44 24
550 3 114 13 213 5 94 1 20 4 243 8 12 39 70 15 143 6 237 34 11 2 165 11 36 37 65 20 248 24 107 7 190 35 182 47 131 17 191 26 30 10 189 25 167 33 42 49 3 9 18 12 59 18 79 27 51 22 96 16 94 40 195 32 118 21 3 46 87 30 8 48 35 14 62
550 40 222 4 1 1 88 46 69 2 179 6 144 36 48 39 242 3 62 22 51 24 135 8 125 13 219 43 86 32 208 14 49 37 214 5 45 45 34 16 86 26 51 19 87 29 31 9 29 38 31 11 60 23 12 42 114 15 232 12 208 30 15 49 174 17 41 7 108 33 162 25 103 35 125
550 31 99 5 251 8 122 3 112 1 145 34 0 4 124 9 77 19 38 18 213 2 152 15 39 7 55 10 219 20 146 35 215 28 176 23 61 6 86 48 84 22 188 17 25 40 71 21 243 36 134 42 112 27 117 11 13 25 129 37 100 46 109 38 167 12 7 30 45 29 200 49 157 16 64
550 9 58 31 52 7 43 1 164 5 105 17 62 6 185 39 168 30 75 2 42 23 44 15 246 3 155 29 25 21 90 13 144 4 172 11 102 10 209 44 194 32 197 12 89 18 167 36 100 8 15 35 97 41 120 19 202 25 53 40 80 34 31 24 103 22 79 16 135 26 73 14 128 45 127
550 15 171 3 248 8 2 6 246 37 206 16 56 1 54 34 101 19 198 24 142 12 114 11 136 2 69 4 152 32 5 5 147 39 132 25 190 9 134 29 28 45 139 23 161 7 12 26 25 21 190 14 125 13 185 28 164 33 37 38 16 10 107 48 62 36 123 31 44 35 26 30 111 47 150
550 5 106 43 197 1 195 17 161 25 22 3 3 31 209 36 150 2 72 41 245 8 41 15 12 14 21 23 194 27 217 4 169 10 88 34 140 9 38 18 143 24 210 11 92 13 220 20 37 26 38 6 185 44 3 47 59 48 71 16 95 33 81 35 185 19 113 12 41 45 104 32 36 28 61